0
-6.103515625e-05
-6.103515625e-05
0
-6.103515625e-05
-0.0001220703125
0
6.103515625e-05
-0.00018310546875
0
0.00018310546875
-0.00018310546875
-0.00018310546875
0.00030517578125
-6.103515625e-05
-0.00048828125
0.00030517578125
0.0003662109375
-0.000732421875
0
0.0008544921875
-0.00067138671875
-0.000732421875
0.00128173828125
-6.103515625e-05
-0.001708984375
0.0010986328125
0.00128173828125
-0.00238037109375
-6.103515625e-05
0.0028076171875
-0.00201416015625
-0.002197265625
0.00384521484375
-6.103515625e-05
-0.00469970703125
0.00311279296875
0.00341796875
-0.00616455078125
0
0.00726318359375
-0.00494384765625
-0.00543212890625
0.009521484375
-6.103515625e-05
-0.01141357421875
0.00762939453125
0.00836181640625
-0.01495361328125
0
0.01800537109375
-0.0123291015625
-0.013671875
0.02459716796875
-6.103515625e-05
-0.03125
0.02203369140625
0.0255126953125
-0.048828125
0
0.07452392578125
-0.0618896484375
-0.09326171875
0.30242919921875
0.5999755859375
0.30242919921875
-0.09326171875
-0.0618896484375
0.07452392578125
0
-0.048828125
0.0255126953125
0.02203369140625
-0.03125
-6.103515625e-05
0.02459716796875
-0.013671875
-0.0123291015625
0.01800537109375
0
-0.01495361328125
0.00836181640625
0.00762939453125
-0.01141357421875
-6.103515625e-05
0.009521484375
-0.00543212890625
-0.00494384765625
0.00726318359375
0
-0.00616455078125
0.00341796875
0.00311279296875
-0.00469970703125
-6.103515625e-05
0.00384521484375
-0.002197265625
-0.00201416015625
0.0028076171875
-6.103515625e-05
-0.00238037109375
0.00128173828125
0.0010986328125
-0.001708984375
-6.103515625e-05
0.00128173828125
-0.000732421875
-0.00067138671875
0.0008544921875
0
-0.000732421875
0.0003662109375
0.00030517578125
-0.00048828125
-6.103515625e-05
0.00030517578125
-0.00018310546875
-0.00018310546875
0.00018310546875
0
-0.00018310546875
6.103515625e-05
0
-0.0001220703125
-6.103515625e-05
0
-6.103515625e-05
-6.103515625e-05
0
0
0
0
0
0
0
0
0
0
0
0
0
0
0
0
0
0
0
0
0
0
0
0
0
0
0
0
0
0
0
0
0
0
0
0
0
0
0
0
0
0
0
0
0
0
0
0
0
0
0
